76
0 99 8 44 27 59 30 59 72 16 15 51 81 73 20 86 116 40 108 125 76 38 23 31 118 
45 26 53 52 105 1 52 76 10 96 103 69 126 34 13 14 49 64 95 123 85 53 111 125 34 
108 73 72 3 104 62 48 2 115 101 107 117 25 55 127 122 31 68 120 65 82 7 115 18 102 
110 103 28 93 100 62 74 46 6 77 22 68 126 25 56 99 4 45 124 60 44 118 91 112 111 
28 66 118 15 85 92 125 60 120 91 33 54 37 79 60 114 101 1 112 126 57 83 3 102 80 
63 18 70 26 2 53 54 69 43 70 26 8 67 86 0 30 119 55 67 70 115 54 44 116 38 
42 45 122 45 19 74 108 37 16 6 40 70 61 109 113 3 7 121 70 93 122 101 85 49 40 
27 36 94 71 25 5 114 70 127 31 90 73 12 127 89 18 39 31 79 20 17 82 27 10 25 
121 4 126 78 53 38 105 90 5 49 115 10 35 57 9 66 19 82 78 19 43 97 58 75 48 
79 92 3 106 102 28 99 107 26 49 32 64 27 122 69 76 109 79 111 39 88 49 58 42 0 
77 86 97 8 33 17 87 125 20 65 99 48 37 78 74 86 111 11 113 105 80 61 87 32 44 
126 120 94 56 35 94 6 121 63 14 26 80 101 23 101 38 122 21 75 73 96 34 56 107 19 
33 59 81 120 91 125 118 84 91 47 119 57 53 112 120 67 10 73 40 33 46 78 27 67 26 
100 35 60 28 14 79 62 74 32 54 37 30 45 121 121 92 112 51 17 96 43 84 106 116 124 
11 34 74 39 102 100 11 9 32 40 24 112 102 98 16 28 7 46 73 1 40 37 113 91 54 
82 6 10 60 123 6 72 29 81 111 3 53 122 13 86 34 37 70 8 7 86 37 14 5 110 
15 45 20 1 8 74 83 14 85 15 9 91 87 39 44 70 42 98 65 55 56 99 92 126 108 
99 84 17 114 89 127 1 6 19 2 14 94 85 29 51 101 38 14 60 77 59 3 120 29 68 
47 85 39 12 83 19 111 39 36 97 1 36 99 7 55 101 22 21 59 51 72 32 89 87 92 
39 18 95 31 47 35 78 4 75 90 87 94 74 126 3 43 127 39 14 7 94 116 29 116 47 
80 60 79 41 19 43 80 37 11 111 84 46 62 88 121 24 47 88 98 46 91 14 45 2 28 
52 96 16 81 84 63 33 17 14 75 36 58 27 74 69 11 30 115 73 119 109 97 38 69 68 
84 32 82 2 34 110 54 2 127 8 87 62 41 104 77 116 12 7 16 86 76 27 117 63 100 
108 44 69 18 113 9 103 17 91 105 51 74 31 54 73 39 13 7 81 117 84 69 1 91 85 
88 39 112 77 103 84 57 19 26 75 5 35 50 22 127 27 74 73 59 0 18 98 13 25 51 
