61
111 24 38 99 78 61 42 123 98 12 37 41 124 101 77 74 43 98 47 22 109 85 30 15 20 112 73 57 113 23 118 96 47 28 68 125 89 110 120 59 122 29 101 119 3 50 65 46 20 112 68 1 69 98 16 90 82 89 19 67 112 9 35 32 
37 103 29 126 86 22 58 80 51 31 71 54 81 8 100 101 120 40 102 62 10 118 24 92 79 43 31 64 52 67 96 89 42 125 87 0 19 17 81 71 48 24 125 1 33 98 102 25 10 76 87 21 66 111 113 18 26 17 82 78 84 50 39 126 
47 127 127 67 16 80 10 65 104 7 66 9 105 41 35 116 117 122 9 56 106 122 74 4 11 28 83 95 78 122 94 125 121 93 64 10 45 74 75 21 82 13 31 59 54 66 47 44 60 56 100 38 51 46 43 62 74 126 30 24 120 124 21 114 
89 86 124 6 32 71 27 114 84 58 46 11 124 93 55 57 22 27 95 73 73 10 7 19 8 37 43 1 33 64 115 122 22 111 0 55 54 28 41 10 86 87 21 83 53 76 12 75 103 107 20 48 118 27 67 126 65 110 127 98 47 114 93 69 
97 93 124 23 121 38 34 80 125 55 35 50 4 47 125 107 26 17 28 16 45 95 15 110 78 14 80 125 1 45 66 98 11 63 122 4 101 28 84 98 83 119 21 87 38 18 67 65 36 95 81 81 62 96 63 12 111 15 9 112 61 76 82 72 
11 76 76 112 104 33 82 60 24 103 19 63 122 86 0 30 53 81 111 116 50 46 0 33 61 10 17 122 86 99 66 97 48 15 81 24 48 35 84 72 11 104 7 5 62 7 35 116 89 18 104 11 64 104 44 125 114 61 120 72 32 58 41 80 
73 122 105 121 30 61 66 41 37 73 46 100 81 81 88 42 99 64 53 35 40 97 32 27 30 24 99 62 83 13 15 28 7 120 22 37 53 88 78 91 33 124 63 114 77 23 28 48 87 81 83 127 50 116 26 80 12 126 15 95 11 30 124 18 
22 18 56 75 106 6 38 11 3 101 126 80 124 26 1 83 108 84 83 30 72 109 111 85 107 126 52 118 28 48 9 50 66 65 125 44 71 36 56 74 9 54 27 6 80 28 89 60 112 44 91 57 26 74 14 5 72 66 124 100 115 5 22 53 
70 19 98 13 55 26 88 65 80 115 71 32 15 32 93 127 77 56 56 103 2 70 108 74 9 104 46 124 109 68 49 51 87 19 65 15 45 25 80 125 12 23 30 27 55 123 26 4 51 83 107 53 25 88 127 34 64 45 30 46 113 80 97 72 
99 34 87 17 59 39 14 71 62 44 98 118 39 125 122 90 80 102 15 105 62 14 12 126 59 42 44 44 122 14 117 94 48 76 111 108 116 125 51 50 42 22 40 81 19 35 44 99 9 59 76 71 74 88 69 5 3 114 50 125 0 39 91 48 
115 74 28 103 72 80 26 114 102 66 67 121 101 111 92 110 43 40 53 117 1 123 122 4 109 44 1 109 83 93 29 71 39 58 46 111 10 72 97 112 11 37 105 112 20 69 95 63 109 20 52 110 15 47 114 124 91 116 105 47 81 7 118 120 
65 36 104 75 109 73 59 120 110 36 104 3 105 71 66 86 92 119 69 107 38 55 104 1 43 81 48 124 88 38 117 25 75 93 100 56 38 31 48 21 67 24 24 44 96 90 3 60 81 72 39 119 127 15 121 43 97 41 39 57 80 28 83 27 
121 55 83 32 87 3 53 26 27 77 71 123 39 74 55 121 18 95 112 17 110 105 60 79 19 100 9 99 0 92 126 122 19 81 26 106 84 79 5 111 28 76 107 67 22 34 60 40 1 45 57 112 22 118 63 41 90 72 12 90 36 10 84 56 
91 110 34 47 61 39 31 89 115 10 29 9 44 89 49 46 6 107 30 29 97 93 70 59 38 83 21 74 93 106 2 57 88 37 104 22 76 7 111 64 17 12 73 62 102 123 108 108 102 10 9 71 103 80 2 13 35 23 88 0 1 90 57 90 
127 34 112 76 41 95 12 59 108 85 121 82 80 101 62 54 111 72 125 86 24 127 100 59 23 60 59 24 22 117 114 22 23 98 98 64 66 110 123 46 67 116 0 20 89 62 74 72 6 72 31 30 71 3 89 94 63 21 119 85 10 105 107 33 
76 77 97 14 59 93 60 127 81 60 19 43 122 93 115 1 37 18 31 109 21 121 75 84 14 66 42 24 44 21 57 120 99 26 6 30 119 66 29 73 126 48 116 120 14 103 121 51 122 25 32 15 18 108 100 32 46 14 56 90 35 113 82 6 
11 88 37 3 26 66 76 24 115 64 17 1 39 10 52 33 35 85 49 53 65 21 85 111 35 13 74 70 126 28 77 10 117 114 13 15 52 89 40 39 25 57 40 64 67 93 98 103 50 19 28 115 40 114 98 75 127 44 17 126 73 94 8 62 
80 21 77 5 110 117 44 7 46 85 71 114 50 41 89 100 60 117 87 100 103 57 47 103 102 65 101 47 31 109 109 112 2 58 117 112 48 33 119 94 118 62 80 40 104 41 12 36 31 99 9 6 29 56 109 3 121 82 50 25 63 31 9 65 
89 126 49 9 31 40 104 22 103 56 62 79 98 75 115 1 46 124 7 75 53 117 78 46 71 0 71 7 31 80 72 121 78 122 2 110 34 106 4 9 35 66 88 5 13 76 6 60 72 13 7 125 2 86 44 74 86 115 81 118 68 25 111 18 
19 113 0 54 92 4 63 127 71 24 4 84 100 10 16 44 23 24 42 26 110 86 100 68 73 53 58 13 78 41 32 98 27 32 24 119 37 87 118 108 111 122 64 83 4 81 0 27 105 42 53 87 0 25 27 73 78 86 87 29 127 119 127 26 
23 23 17 60 110 7 40 94 1 105 49 5 58 49 33 35 91 86 122 91 112 21 37 62 107 124 91 107 115 90 5 10 113 23 71 96 30 111 62 32 88 111 37 18 33 70 53 124 29 47 88 13 69 125 75 48 121 39 27 108 1 33 118 115 
56 61 83 86 45 17 118 5 0 28 24 33 98 77 30 127 125 118 12 66 115 88 114 108 127 14 88 0 47 78 115 103 12 70 61 57 87 52 62 88 80 86 121 50 36 23 50 33 13 62 99 0 22 85 108 21 99 68 22 18 19 9 121 31 
80 55 88 39 107 22 127 59 109 121 109 17 16 31 50 30 94 21 30 116 106 11 10 78 79 32 96 98 41 90 1 121 17 89 33 124 112 32 55 93 25 36 110 42 68 32 72 34 53 102 22 31 113 32 109 65 64 78 35 106 40 37 99 57 
126 4 53 110 37 108 75 62 16 57 104 84 89 48 118 14 23 13 46 8 45 27 73 110 105 109 88 17 18 59 74 16 64 127 127 101 107 74 35 124 4 12 80 93 60 71 108 83 84 26 92 1 53 37 111 31 18 71 48 36 3 123 53 67 
122 52 40 102 126 75 98 2 87 50 96 20 121 76 103 77 102 67 79 27 105 62 58 123 6 107 32 9 102 85 76 96 9 116 70 7 63 40 10 23 91 106 43 84 54 18 34 28 86 113 55 63 47 114 58 53 93 90 62 67 47 10 35 56 
126 106 64 62 18 74 85 109 52 0 66 106 18 100 6 104 85 61 39 4 47 98 58 12 60 120 79 108 3 115 36 1 93 100 63 111 46 20 93 98 20 31 76 39 3 82 15 88 16 55 92 63 25 22 76 85 15 27 65 18 14 102 19 107 
74 83 91 121 103 56 91 124 87 40 35 90 122 50 50 10 105 14 74 2 37 22 88 52 49 25 70 64 127 89 43 74 44 6 67 20 62 30 16 21 70 51 111 65 101 33 75 79 48 21 81 85 43 41 9 93 67 79 29 66 40 72 12 85 
79 79 105 13 110 121 35 52 44 18 117 17 52 65 96 100 86 50 57 2 91 66 95 30 17 124 97 57 68 109 14 19 61 119 33 43 112 68 95 28 86 85 46 10 22 14 110 108 64 39 110 28 105 77 58 122 73 27 52 14 9 66 33 70 
58 66 113 42 6 80 71 93 37 117 103 59 3 86 40 68 125 22 96 103 100 26 97 45 54 21 59 63 88 93 5 18 31 118 60 38 70 3 3 108 120 106 39 124 64 79 64 62 102 32 37 74 58 6 119 112 28 51 47 116 16 52 6 47 
42 66 85 113 70 88 93 62 67 4 58 3 84 122 65 58 26 102 4 85 109 123 69 9 46 117 125 62 41 3 110 84 69 67 69 11 28 34 74 95 38 4 98 122 127 36 52 25 10 56 110 119 52 52 0 98 41 125 33 82 0 15 38 70 
82 107 81 110 13 27 77 52 32 48 46 31 84 99 56 94 27 39 86 79 91 86 50 4 84 83 86 84 98 125 26 52 104 108 35 118 7 112 42 39 32 88 70 116 59 127 83 87 38 41 38 1 127 88 5 83 43 91 40 13 88 66 66 65 
46 101 55 54 85 97 93 118 57 36 106 117 35 61 76 73 102 114 74 102 75 79 57 118 42 97 4 3 36 70 68 82 43 123 8 0 92 102 118 21 10 97 10 45 30 86 118 5 73 64 107 20 15 36 10 57 6 14 60 42 84 0 124 127 
123 5 0 87 107 118 109 117 87 119 34 118 78 24 123 23 88 102 43 103 10 53 32 16 68 93 58 24 93 55 24 89 60 24 48 39 14 29 28 102 21 62 92 99 86 87 122 46 61 37 21 71 90 53 88 30 18 18 55 112 73 79 73 5 
103 121 44 117 23 72 91 44 6 55 15 92 14 9 10 75 46 31 19 8 85 107 39 103 125 94 87 71 45 32 76 20 26 121 9 49 65 101 93 72 28 108 36 43 117 47 118 35 78 9 43 35 116 82 11 114 48 98 57 93 3 5 113 29 
126 123 78 64 96 43 8 124 23 44 39 12 91 30 47 42 39 90 77 28 45 88 14 93 59 71 59 62 76 44 91 75 39 41 11 7 84 19 4 107 63 43 119 27 73 38 69 113 0 18 13 45 107 27 11 38 98 70 100 46 114 63 121 26 
104 4 33 60 23 37 39 87 81 30 114 26 68 55 11 68 73 24 114 52 51 125 90 21 67 62 68 53 125 61 79 101 66 113 33 89 22 72 48 103 102 34 2 42 89 13 111 35 38 97 87 89 94 50 111 33 112 51 86 110 112 38 83 50 
23 117 12 45 61 60 21 36 95 23 78 56 36 61 91 74 30 51 36 124 101 19 29 85 70 116 67 54 26 23 105 49 12 117 94 73 49 115 109 16 10 60 73 47 121 36 121 24 87 29 20 60 48 50 18 118 38 85 45 64 108 22 113 120 
11 79 66 60 67 47 77 77 107 22 124 101 58 118 125 18 19 17 78 68 67 96 58 105 54 103 41 34 125 26 27 8 106 93 69 45 12 18 122 120 40 119 93 98 109 90 116 0 107 67 68 47 35 127 24 89 102 66 124 100 92 23 108 70 
116 49 115 0 67 110 120 107 101 85 78 82 47 66 82 27 5 23 74 41 22 98 2 124 36 126 96 1 21 77 71 9 126 59 10 66 41 2 45 14 88 123 96 7 62 50 34 67 73 108 108 95 79 111 92 115 109 60 116 3 9 60 12 8 
119 22 74 32 25 119 46 113 115 14 120 49 64 27 116 10 7 97 105 86 80 69 74 61 2 62 64 11 122 77 19 113 99 93 17 124 85 63 109 72 77 102 121 14 1 109 24 8 78 1 95 30 71 41 92 73 103 28 84 98 105 104 83 77 
69 101 73 26 36 55 98 114 29 91 0 30 73 24 38 23 25 5 54 96 46 18 41 22 46 126 120 24 102 75 101 43 48 46 70 85 101 40 71 2 4 71 32 77 95 71 100 120 76 26 89 123 44 2 17 91 0 9 115 102 84 88 18 5 
6 88 90 108 0 33 110 4 104 15 81 71 86 54 63 34 80 24 29 125 27 46 88 27 55 75 2 12 35 20 17 41 108 107 21 108 12 4 113 116 19 66 59 105 120 122 11 73 19 41 70 46 87 30 73 15 105 75 27 12 95 44 53 75 
23 75 56 35 79 41 23 98 107 82 75 100 76 86 45 95 127 115 13 87 17 87 102 122 34 1 6 2 45 59 77 68 6 5 103 85 46 126 55 26 80 2 126 28 89 43 124 88 30 9 47 47 96 21 41 3 22 47 5 67 106 82 7 113 
88 110 70 6 108 126 32 60 0 30 89 89 73 85 50 103 94 97 22 63 119 63 66 13 110 71 81 89 25 88 74 113 71 16 120 51 14 24 112 15 55 73 104 0 30 26 104 124 124 126 59 115 62 125 0 44 68 81 5 94 42 79 79 113 
96 71 36 110 96 20 125 23 93 102 23 123 0 127 120 124 126 51 111 60 49 112 104 117 65 110 83 107 61 35 92 29 106 1 12 74 21 9 97 115 111 121 110 112 120 102 108 118 26 92 50 75 76 27 64 13 9 20 121 70 55 85 100 33 
86 112 108 108 121 77 95 105 70 77 89 63 52 69 53 78 33 104 25 109 3 89 123 12 109 116 82 36 73 54 70 32 38 50 12 32 127 107 9 70 56 98 5 108 39 58 58 73 34 83 54 37 45 49 49 26 37 4 63 111 58 5 15 97 
55 27 1 54 6 10 124 62 108 1 43 19 60 101 92 94 57 19 4 102 68 53 0 106 57 63 89 116 68 104 85 123 3 86 50 9 96 46 71 76 48 114 95 108 88 60 74 17 79 78 119 19 4 119 125 61 55 86 49 123 62 6 119 65 
92 41 74 60 87 18 8 7 4 104 115 92 36 62 109 115 12 100 6 16 92 4 78 19 90 127 14 25 6 5 90 98 46 37 31 6 55 39 13 59 15 1 24 51 63 5 38 75 106 45 92 70 49 42 89 11 41 103 36 47 109 127 18 27 
36 49 33 91 88 47 22 104 48 46 27 111 52 66 58 30 111 22 100 32 64 61 43 106 36 80 25 17 79 43 45 115 92 78 78 53 125 100 29 45 19 56 28 71 122 87 101 105 109 73 9 46 6 53 24 42 5 49 60 84 93 105 71 57 
55 21 110 53 121 11 98 12 68 127 83 62 86 56 40 67 1 49 113 7 102 9 50 107 59 110 63 24 87 6 81 14 27 64 67 21 75 38 33 15 37 117 78 123 45 118 62 47 39 48 54 14 57 104 121 116 86 57 12 45 63 94 60 91 
30 127 112 105 37 17 121 74 6 71 69 52 61 4 99 100 52 25 114 109 2 108 98 88 37 110 6 100 76 66 63 106 65 47 84 103 65 77 49 71 20 119 123 81 123 94 53 47 120 40 28 122 20 126 82 57 109 88 29 57 26 93 36 92 
12 120 67 77 69 116 21 89 107 16 42 102 111 95 21 103 7 50 97 27 48 51 84 29 12 114 87 38 79 123 2 91 115 69 41 56 58 62 17 37 78 59 12 61 26 33 36 34 83 5 61 4 57 18 33 69 4 120 107 83 115 110 46 102 
51 87 30 109 21 47 19 100 106 31 33 5 64 70 39 20 75 100 24 4 118 57 73 122 50 53 77 37 35 124 12 86 83 42 68 105 90 87 77 68 118 110 73 54 52 112 74 0 85 98 4 75 28 78 70 78 3 19 115 38 15 127 124 99 
42 64 76 4 23 25 72 13 7 18 68 60 2 14 60 87 113 64 35 13 14 105 91 17 124 78 55 12 78 52 111 120 116 59 124 12 84 68 25 91 86 93 23 89 108 83 48 93 20 83 106 34 60 69 52 57 19 107 69 97 31 52 89 20 
111 85 32 67 26 57 30 112 23 54 73 3 9 122 96 29 77 74 64 10 15 116 67 34 95 8 4 127 60 93 19 43 51 51 110 77 108 12 61 3 66 7 6 76 1 102 105 78 48 41 88 63 29 27 98 125 35 102 124 95 67 15 10 118 
66 120 67 46 5 1 50 71 8 56 19 9 31 125 87 79 38 48 15 68 75 113 65 111 87 61 78 26 76 89 17 14 81 84 60 86 85 110 30 93 39 49 102 70 46 62 21 85 110 36 25 57 21 90 40 108 23 119 7 99 80 24 113 33 
108 45 120 66 28 22 31 67 71 6 9 118 68 30 75 50 67 100 107 88 62 20 69 85 11 76 56 91 100 41 124 80 86 116 18 114 10 50 53 82 56 62 72 124 93 19 46 32 119 25 120 53 45 61 10 56 9 66 19 109 107 16 62 65 
4 80 52 15 2 105 97 58 40 41 54 5 60 100 37 51 126 29 104 43 91 114 100 100 52 119 82 31 7 16 96 12 96 20 27 99 126 124 29 38 37 84 43 97 56 80 20 54 109 124 98 72 110 70 45 34 61 127 65 69 15 33 81 111 
54 108 82 52 104 112 90 13 68 5 110 124 85 2 51 66 126 21 11 108 91 56 14 24 55 79 93 70 112 46 53 38 26 8 90 2 120 52 15 60 57 125 56 14 127 107 81 125 0 92 105 91 20 119 116 75 70 81 17 55 0 70 93 26 
78 56 29 70 108 44 2 38 42 59 52 41 38 5 39 39 97 16 2 117 8 118 64 78 72 81 5 72 24 99 98 102 27 127 45 7 44 47 45 86 106 98 127 17 103 38 56 73 55 58 62 63 49 127 13 121 80 19 65 104 118 35 79 17 
35 124 24 79 43 70 37 22 40 36 39 15 75 95 88 2 25 23 65 74 22 78 67 102 97 4 79 87 40 30 104 75 26 1 26 69 71 63 91 111 99 2 126 46 97 87 48 123 110 113 69 4 64 9 106 33 13 57 121 53 87 97 0 113 
98 26 55 41 89 18 24 61 21 23 107 118 110 28 113 92 13 55 96 77 64 74 111 77 4 104 3 91 73 3 77 44 30 4 85 119 22 110 52 43 5 32 34 115 60 19 79 73 74 47 23 10 121 6 88 125 110 91 89 55 94 38 99 124 
42 57 116 64 39 40 108 44 72 14 31 4 33 110 78 108 29 101 118 22 107 78 20 89 41 109 16 8 19 116 4 61 45 120 125 84 33 105 0 105 119 31 110 25 13 60 5 42 33 123 64 12 74 84 101 115 65 117 123 84 105 0 17 22 
120 15 106 25 120 106 3 112 9 113 9 22 45 14 64 78 9 1 90 83 85 63 71 23 52 66 107 30 66 125 52 59 12 31 84 4 9 87 116 19 72 125 41 117 11 106 67 21 107 29 104 64 92 47 87 17 114 67 47 52 64 99 111 76 
